,person,subset,# shots,Feature Set,wTargetMeanQDA,wTargetCovQDA,wTargetMeanLDA,wTargetCovLDA,tPropLDA,AccLDAInd,tIndL,AccLDAProp,tCLPropL
0,40,"(1,)",1,1,,,0.7095328171218437,0.5604860573464127,9.355040311813354,0.7792631978731485,0.00032651298543232455,0.8180782377516141,0.00031517798847179653
1,40,"(1, 2)",2,1,,,0.7359854223795222,0.5879918308988812,10.078639030456543,0.8715533611849601,0.0003216412961143439,0.8306874287884543,0.00031624935989003195
2,40,"(1, 2, 3)",3,1,,,0.7564268709712989,0.6298670709567317,10.43016791343689,0.8904671477402203,0.0003275560870896806,0.8447398404861375,0.000325864519495227
3,40,"(1, 2, 3, 4)",4,1,,,0.7685838858638622,0.6390799403434552,10.547688722610474,0.9071021648309913,0.00031716768342281447,0.8514242309153057,0.0003259678372311764
4,40,"(1, 2, 3, 4, 5)",5,1,,,0.8168857764982749,0.6756907627711402,12.757229566574097,0.9141663501709077,0.0003531735250354945,0.8611469806304596,0.0003131859573265739
5,40,"(1, 2, 3, 4, 5, 6)",6,1,,,0.8196273325390653,0.7147581975507616,10.250156879425049,0.9063425750094949,0.00031700150576373083,0.8695024686669198,0.0003148195728167263
6,40,"(1, 2, 3, 4, 5, 6, 7)",7,1,,,0.8391250748590122,0.7304298397512816,10.095527648925781,0.9138625142423091,0.00031880662326254957,0.8740600075958982,0.00033146904939216124
7,40,"(1, 2, 3, 4, 5, 6, 7, 8)",8,1,,,0.8662254024722944,0.7596325687010574,10.030335903167725,0.9098366881883783,0.0003212276810799268,0.8714014432206608,0.00031668383768199745
8,40,"(1, 2, 3, 4, 5, 6, 7, 8, 9)",9,1,,,0.8652030221589765,0.77399386897236,9.900676012039185,0.9129510064565135,0.0003162455567831872,0.8681352069882263,0.0003165690381853833
9,40,"(1, 2, 3, 4, 5, 6, 7, 8, 9, 10)",10,1,,,0.8793196945397777,0.7842995046243416,9.819539308547974,0.909684770224079,0.00032558194865666096,0.8703380174705659,0.0003228911600138269
10,40,"(1, 2, 3, 4, 5, 6, 7, 8, 9, 10, 11)",11,1,,,0.8821116240643097,0.8063157622960366,9.989855766296387,0.9127231295100645,0.00031833949308181686,0.8747436384352449,0.00032039867622789844
11,40,"(1, 2, 3, 4, 5, 6, 7, 8, 9, 10, 11, 12)",12,1,,,0.9061199139900655,0.8181341362226892,9.961241960525513,0.910520319027725,0.0003203006647314991,0.8849221420432967,0.0003264502341693859
12,40,"(1, 2, 3, 4, 5, 6, 7, 8, 9, 10, 11, 12, 13)",13,1,,,0.9013327857179831,0.822257070965609,9.970004558563232,0.9145461450816559,0.00032094270160702574,0.8824914546145082,0.0003135542429494079
