,person,subset,# shots,Feature Set,wTargetMeanQDA,wTargetCovQDA,AccLDAInd,AccLDAMulti,AccLDAPropQ,tCLPropL,AccLDALiu,AccLDAVidovic,AccClLDAInd,AccClLDAPropQ,AccClLDALiu,AccClLDAVidovic,tIndL,tGenL,AccQDAInd,AccQDAMulti,AccQDAProp,tCLPropQ,AccQDALiu,AccQDAVidovic,AccClQDAInd,AccClQDAProp,AccClQDALiu,AccClQDAVidovic,tPropQ,tIndQ,tGenQ,tPre,wTargetMeanQDAm,wTargetCovQDAm
0,40,"(1,)",1,1,[1.         1.         0.50106464 1.         1.        ],[0.50073105 0.5        0.50017942 0.50442653 0.51470754],0.7792631978731485,0.7009494872768705,0.815571591340676,0.00030721071506243806,0.782529434105583,0.8146600835548804,0.84,0.904,0.904,0.864,0.0003689938880987055,0.0003496771659228089,0.5144701860995062,0.7148499810102544,0.8603873908089632,0.0004476468462569153,0.8504367641473605,0.8613748575769085,0.28,0.872,0.896,0.8,15.982598304748535,0.00045954249360649206,0.0004514673930630682,1.7403128618251779e-06,0.9002129276341876,0.5040089075168611
1,40,"(1, 2)",2,1,[0.6781295  1.         0.5646126  1.         0.84715019],[0.56908331 0.55951758 0.56037159 0.56416464 0.57683553],0.8715533611849601,0.7011014052411698,0.840638055450057,0.00029932229273499437,0.7795670338017471,0.8435244967717432,0.888,0.88,0.864,0.872,0.0003389247506008011,0.0003271606001978902,0.6464868970755792,0.715153816938853,0.9171287504747436,0.0004972620332734557,0.8649449297379415,0.9039118875807064,0.504,0.912,0.896,0.904,14.022695302963257,0.0005173106361965784,0.0005111286860204132,0.0,0.8179784580337295,0.5659945308519937
2,40,"(1, 2, 3)",3,1,[0.7524725  1.         0.60747745 1.         0.76913465],[0.60421107 0.60177778 0.60345316 0.60663138 0.60548208],0.8904671477402203,0.7011014052411698,0.8447398404861375,0.0002988385375443403,0.7943030763387771,0.8448917584504367,0.92,0.896,0.88,0.888,0.00030446592230240835,0.00029766326886911245,0.7176604633497912,0.7154576528674516,0.9137105962780099,0.0004444955919253432,0.8624382833270035,0.9131029244208128,0.656,0.928,0.88,0.92,13.600303411483765,0.0004495378234202627,0.00045463217558898807,0.0,0.8258169188292033,0.6043110956488256
3,40,"(1, 2, 3, 4)",4,1,[0.78328269 1.         0.64338786 1.         0.79615226],[0.64081795 0.63685294 0.63819    0.64565961 0.64783541],0.9071021648309913,0.7011014052411698,0.8625142423091531,0.0002983288850070766,0.7931636916065324,0.8624382833270035,0.912,0.896,0.856,0.88,0.0002980327859741628,0.0002971643736912097,0.7831371059627801,0.7161412837067983,0.9317128750474744,0.0005474129512741952,0.8617546524876567,0.9258640334219521,0.744,0.944,0.88,0.936,13.516090869903564,0.0004465556805730545,0.0005360862487085953,0.0,0.8445645607528899,0.6418711788396787
4,40,"(1, 2, 3, 4, 5)",5,1,[0.79503648 0.86762592 0.67537862 1.         0.80602029],[0.66785618 0.66751075 0.67432791 0.67248782 0.67610331],0.9141663501709077,0.7012533232054691,0.8680592480060767,0.00030619403594263686,0.8034181541967338,0.8681352069882263,0.944,0.904,0.888,0.92,0.00029848495726797275,0.0002948407116291236,0.8704139764527156,0.7161412837067983,0.9293581466008356,0.0005264641710709493,0.8726167869350551,0.9282947208507406,0.832,0.944,0.912,0.936,13.66604208946228,0.0006497190245828654,0.0006302870863796051,0.0,0.8288122625824694,0.6716571934620682
5,40,"(1, 2, 3, 4, 5, 6)",6,1,[0.8220863  0.7847117  0.70118648 0.8860047  0.80244926],[0.70345536 0.69147929 0.69659441 0.70556392 0.70458727],0.9063425750094949,0.701481200151918,0.8702620584884162,0.00041981571036692677,0.8096467907330042,0.866540068363084,0.936,0.904,0.888,0.904,0.0004287180409791847,0.0004190622786809137,0.8963919483478922,0.7162932016710976,0.9358906190657045,0.0005148325317765296,0.8738321306494493,0.923585263957463,0.888,0.952,0.912,0.912,17.115099906921387,0.0005236198817918476,0.00051811767357907,1.4401030266421964e-07,0.7992876871684733,0.7003360498797808
6,40,"(1, 2, 3, 4, 5, 6, 7)",7,1,[0.87002528 0.85936042 0.72642622 0.88809039 0.82939499],[0.75343002 0.72105056 0.72370766 0.72445217 0.72365139],0.9138625142423091,0.7015571591340676,0.8745157614887961,0.00035585138311505635,0.8062286365362704,0.8756551462210407,0.944,0.92,0.888,0.92,0.00035281284562635007,0.00035491507631990783,0.908849221420433,0.7162932016710976,0.9439422711735663,0.0005275303086897651,0.8760349411317888,0.9259399924041017,0.928,0.96,0.912,0.92,16.74745750427246,0.0005212624445189734,0.000525070422962506,0.0,0.8346594591420547,0.7292583598836321
7,40,"(1, 2, 3, 4, 5, 6, 7, 8)",8,1,[0.92011701 0.77930198 0.73944217 1.         0.80807329],[0.77849366 0.73771376 0.74025052 0.7234071  0.73148883],0.9098366881883783,0.7017090770983668,0.8701860995062666,0.00034154117944980365,0.8104063805545005,0.8666160273452336,0.944,0.92,0.888,0.92,0.00034658248733306085,0.0003456774565642024,0.9194075199392329,0.7167489555639954,0.940220281048234,0.0006272590708198359,0.8772502848461831,0.9291302696543866,0.928,0.952,0.912,0.928,15.929373264312744,0.0006360579569259162,0.0006315052215019832,1.159293114105401e-07,0.8493868919803678,0.7422707729116448
8,40,"(1, 2, 3, 4, 5, 6, 7, 8, 9)",9,1,[0.87389699 0.84220349 0.75734526 1.         0.83197882],[0.77541807 0.74696478 0.76191426 0.76350254 0.75832672],0.9129510064565135,0.7017850360805166,0.8716293201671098,0.00041954844250590274,0.8059248006076719,0.8599316369160653,0.944,0.92,0.888,0.912,0.0003391958758987676,0.00035402753984253534,0.929889859475883,0.7169768325104443,0.940220281048234,0.000467133295658284,0.8779339156855298,0.9304215723509305,0.944,0.952,0.912,0.928,14.992796659469604,0.00047922464002007274,0.00045823123669651495,1.0546398362773519e-07,0.8610849120064377,0.7612252719522297
9,40,"(1, 2, 3, 4, 5, 6, 7, 8, 9, 10)",10,1,[0.87866776 0.85746785 0.78169632 0.95132537 0.84514551],[0.79676998 0.77485591 0.78184965 0.77995866 0.77858999],0.909684770224079,0.7020888720091151,0.8688188378275731,0.0003542151597802104,0.8060007595898215,0.8644891758450437,0.936,0.912,0.888,0.912,0.0003695290395618617,0.00036665269552506834,0.9333839726547665,0.717052791492594,0.9456133687808583,0.00046945418688538315,0.8798328902392708,0.9352069882263577,0.952,0.96,0.912,0.936,16.69456148147583,0.00044760148062526707,0.00044951239693450057,0.0,0.8628605639421046,0.7824048383801436
10,40,"(1, 2, 3, 4, 5, 6, 7, 8, 9, 10, 11)",11,1,[0.87754918 0.86378127 0.79664211 0.95467974 0.84022214],[0.83180202 0.79265436 0.79843269 0.81047374 0.78903383],0.9127231295100645,0.7021648309912647,0.8763387770603874,0.00031107899991450905,0.8039498670717813,0.8624382833270035,0.936,0.944,0.888,0.912,0.00030628279321238066,0.00031179018089448005,0.9380174705658945,0.7173566274211925,0.9472085074060007,0.00044623232594108653,0.8802886441321687,0.93262438283327,0.968,0.96,0.912,0.936,16.073736429214478,0.000449414439768199,0.0004453412942274233,0.0,0.8665748867418603,0.8044793285847192
11,40,"(1, 2, 3, 4, 5, 6, 7, 8, 9, 10, 11, 12)",12,1,[0.9085348  0.86799047 0.81469678 0.95780554 0.86626617],[0.85354259 0.80915548 0.8154624  0.84336215 0.81289026],0.910520319027725,0.702316748955564,0.885453854918344,0.00029574137788012685,0.8031902772502848,0.8675275351310292,0.944,0.952,0.896,0.92,0.00029726593475399747,0.000299210137303139,0.9402962400303836,0.7175845043676414,0.9453854918344095,0.000459615314047553,0.8821876186859096,0.9320926699582226,0.968,0.968,0.92,0.936,13.969692468643188,0.00044644254719943905,0.0004451005575641497,0.0,0.8830587532047109,0.8268825773278919
12,40,"(1, 2, 3, 4, 5, 6, 7, 8, 9, 10, 11, 12, 13)",13,1,[0.88755809 0.84870347 0.82997828 0.94266747 0.87533899],[0.83964916 0.82613984 0.83224051 0.84607198 0.82814169],0.9145461450816559,0.7024686669198633,0.8840106342575009,0.0002986436373735624,0.8068363083934675,0.8713254842385112,0.952,0.944,0.912,0.936,0.0003029431945418297,0.00029824967172451,0.9397645271553361,0.7177364223319408,0.9387770603873908,0.0004893469891980986,0.8815039878465628,0.9358906190657045,0.968,0.96,0.92,0.952,13.907983303070068,0.0004625448834701405,0.0004476156245607231,1.4974110162080224e-07,0.8768492593160879,0.8344486370853094
13,40,"(1, 2, 3, 4, 5, 6, 7, 8, 9, 10, 11, 12, 13, 14)",14,1,[0.91283978 0.89103572 0.84745103 0.93574456 0.90088198],[0.86160982 0.83837877 0.84714483 0.85369737 0.84247812],0.9137105962780099,0.7026205848841626,0.884618306114698,0.0002988316195118894,0.8066084314470187,0.8724648689707558,0.952,0.952,0.912,0.944,0.00029874650235869703,0.00029651764631724115,0.9441701481200152,0.7178123813140904,0.9466008355488037,0.0006059877147160236,0.881883782757311,0.9358906190657045,0.968,0.96,0.92,0.944,15.218983888626099,0.0007915229159890134,0.0006317675815441741,0.0,0.8975906128486344,0.8486617785181082
14,40,"(1, 2, 3, 4, 5, 6, 7, 8, 9, 10, 11, 12, 13, 14, 15)",15,1,[0.90770827 0.87776254 0.86601888 0.96725408 0.90880387],[0.87522268 0.85717422 0.86703122 0.8742109  0.85993852],0.9065704519559438,0.7028484618306114,0.8805924800607672,0.00042034959412780136,0.8053171287504748,0.8720091150778579,0.944,0.944,0.912,0.952,0.0004251414363120746,0.0004248784061986776,0.9466008355488037,0.7180402582605393,0.9515381693885302,0.00052023569622105,0.8824914546145082,0.9357387011014052,0.96,0.96,0.92,0.944,16.070425510406494,0.000522437858074462,0.0005309261933416185,6.567461909897371e-08,0.9055095275991029,0.8667155110071931
15,40,"(1, 2, 3, 4, 5, 6, 7, 8, 9, 10, 11, 12, 13, 14, 15, 16)",16,1,[0.91574412 0.91141967 0.88080311 0.97129533 0.90229292],[0.89130843 0.87213913 0.87800043 0.88491952 0.87476161],0.9076338777060388,0.7029244208127611,0.8843144701860995,0.00035023884858371545,0.8044815799468287,0.8706418533991644,0.952,0.952,0.92,0.936,0.00036335391686798455,0.0003632554345107377,0.9477402202810482,0.7180402582605393,0.9519939232814281,0.000526687594543063,0.8801367261678693,0.9349031522977592,0.968,0.96,0.92,0.936,17.244641304016113,0.0005114013868912154,0.0005196783599679659,6.272288526551744e-08,0.9163110272411897,0.8802258232380659
16,40,"(1, 2, 3, 4, 5, 6, 7, 8, 9, 10, 11, 12, 13, 14, 15, 16, 17)",17,1,[0.92634784 0.90413565 0.89430629 0.97248863 0.91788404],[0.90056311 0.88546869 0.89249166 0.90272044 0.88812399],0.9086973034561336,0.7028484618306114,0.8874287884542347,0.0003461324711331296,0.8078237751614128,0.8713254842385112,0.952,0.944,0.912,0.952,0.00034771059748341365,0.000345383748055591,0.9503987846562856,0.718723889099886,0.9543486517280668,0.0006289570312557952,0.8821876186859096,0.9374097987086973,0.976,0.968,0.92,0.944,16.023315906524658,0.000638942848898094,0.0006403243002944059,5.912668300124834e-08,0.9230324905378924,0.8938735781837662
17,40,"(1, 2, 3, 4, 5, 6, 7, 8, 9, 10, 11, 12, 13, 14, 15, 16, 17, 18)",18,1,[0.93287992 0.93905582 0.90566401 0.95877745 0.93335749],[0.91352856 0.90426223 0.90644371 0.90133804 0.90166007],0.9135586783137106,0.7030003797949107,0.8921382453475123,0.0004197478158547314,0.807140144322066,0.8703380174705659,0.96,0.952,0.912,0.952,0.0003585514440945786,0.0004176834532393279,0.9490315229775921,0.7186479301177364,0.9558678313710596,0.0005169691534219837,0.8824914546145082,0.9348271933156096,0.968,0.976,0.92,0.944,16.139944553375244,0.0005398352789960341,0.0005155074926913125,5.7778916917405686e-08,0.9339469365857569,0.9054465220418535
18,40,"(1, 2, 3, 4, 5, 6, 7, 8, 9, 10, 11, 12, 13, 14, 15, 16, 17, 18, 19)",19,1,[0.94852761 0.93985747 0.9181923  1.         0.93713025],[0.93054798 0.9145864  0.91653682 0.93167044 0.91663927],0.9173566274211925,0.7030763387770604,0.8962400303835929,0.0003010374395918855,0.8116217242688948,0.8726927459172047,0.96,0.968,0.928,0.952,0.00032359306865710973,0.00030454194821923845,0.9485757690846943,0.7188758070641853,0.9535890619065704,0.00044468232447142115,0.8848461830611469,0.9360425370300038,0.976,0.968,0.92,0.944,18.186873197555542,0.0004477373420897881,0.0004454315365198398,5.322951176542585e-08,0.9487415262813359,0.9219961813793702
19,40,"(1, 2, 3, 4, 5, 6, 7, 8, 9, 10, 11, 12, 13, 14, 15, 16, 17, 18, 19, 20)",20,1,[0.95236483 0.94189927 0.93145633 0.97588009 0.95170573],[0.93780608 0.92627601 0.92928992 0.93432042 0.92662836],0.9184960121534371,0.7031522977592101,0.8965438663121914,0.0003028831597837802,0.8076718571971135,0.8685150018989746,0.96,0.968,0.912,0.936,0.0003124233981841334,0.00029841537852274614,0.9538169388530193,0.7190277250284847,0.9534371439422712,0.0004492481353388872,0.8840865932396506,0.9333839726547665,0.968,0.968,0.92,0.928,13.804386377334595,0.0004469403014452884,0.000442814673030055,1.0163015090911431e-07,0.950661249255272,0.9308641591019047
20,40,"(1, 2, 3, 4, 5, 6, 7, 8, 9, 10, 11, 12, 13, 14, 15, 16, 17, 18, 19, 20, 21)",21,1,[0.9699558  0.95430436 0.94362402 0.97654941 0.95783914],[0.95396663 0.93960091 0.94390784 0.94375367 0.93943789],0.9139384732244588,0.7032282567413597,0.8986707178123813,0.000300017428226087,0.8080516521078618,0.8714014432206608,0.96,0.968,0.92,0.952,0.00030166696243488967,0.0003011890748947961,0.9521458412457273,0.7191036840106343,0.9557159134067603,0.0004544674286224794,0.8832510444360046,0.9338397265476642,0.968,0.968,0.92,0.936,14.006478071212769,0.00045189066074485796,0.000459894987280904,0.0,0.9604545458128276,0.9441333874760737
21,40,"(1, 2, 3, 4, 5, 6, 7, 8, 9, 10, 11, 12, 13, 14, 15, 16, 17, 18, 19, 20, 21, 22)",22,1,[0.96375274 0.96978092 0.95667073 1.         0.97025166],[0.95560709 0.95126468 0.95483035 0.96631792 0.95312215],0.916217242688948,0.7033042157235093,0.9021648309912648,0.0003032503588046586,0.8093429548044057,0.8736802126851501,0.968,0.968,0.92,0.952,0.00030568244563188566,0.00030565538924319003,0.9560957083175086,0.7190277250284847,0.9592859855677934,0.0005418959833848535,0.8843904291682492,0.9385491834409418,0.976,0.976,0.92,0.936,14.041439056396484,0.0005064384592290256,0.0005463583859662072,4.633833808440174e-08,0.9720912127117647,0.9562284395788649
22,40,"(1, 2, 3, 4, 5, 6, 7, 8, 9, 10, 11, 12, 13, 14, 15, 16, 17, 18, 19, 20, 21, 22, 23)",23,1,[0.98344257 0.9794342  0.96747474 0.99222449 0.9768268 ],[0.96973872 0.96492479 0.9665084  0.96750191 0.96592217],0.916217242688948,0.7033042157235093,0.9057349031522978,0.00030087908546688253,0.8069882263577668,0.8710216483099127,0.96,0.96,0.92,0.952,0.0003028758252205796,0.0002964203592221455,0.9586783137105963,0.7193315609570832,0.9603494113178883,0.00047408207894458185,0.8840106342575009,0.9368780858336498,0.976,0.984,0.928,0.936,13.835029363632202,0.0005427479155381461,0.0005424423268481529,4.445127961273261e-08,0.9798805580126002,0.9669191953383034
